10,24
10,276
10,108
10,300
10,260
10,224
10,16
10,264
10,2
10,3
11,22
11,12
11,6
11,14
11,8
9,7
9,4
9,1
9,6
9,2
9,3
8,4
8,12
8,18
8,7
8,9
8,10
170,5
170,4
170,3
170,2
170,1
170,0
169,4
169,3
169,2
169,1
169,0
168,3
168,2
168,1
168,0
167,4
167,3
167,2
167,1
167,0
166,4
166,3
166,2
166,1
166,0
164,4
164,3
164,2
164,1
164,0
162,4
162,3
162,2
162,1
162,0
160,4
160,3
160,2
160,1
160,0
159,3
159,2
159,1
157,3
157,1
20,3
20,2
20,1
19,3
19,2
19,1
12,3
12,2
12,1
11,29
11,26
11,25
11,24
11,20
11,19
11,18
11,17
11,16
11,15
11,13
11,11
11,10
11,9
11,7
11,5
11,3
11,2
11,1
10,313
10,292
10,279
10,275
10,197
18,1
18,3
